0   1   eps 0
1   2   eps 0
2   3   eps 0
3   4   0   0
3   4   1   1
3   4   2   2  
3   4   3   3   
3   4   4   4   
3   4   5   5   
3   4   6   6
3   4   7   7   
3   4   8   8   
3   4   9   9
0   5   eps 0
5   6   eps 0
6   7   1   1
6   7   2   2  
6   7   3   3   
6   7   4   4   
6   7   5   5   
6   7   6   6
6   7   7   7   
6   7   8   8   
6   7   9   9
6   7   0   0
7   4   1   1
7   4   2   2  
7   4   3   3   
7   4   4   4   
7   4   5   5   
7   4   6   6
7   4   7   7   
7   4   8   8   
7   4   9   9 
0   8   eps 0
8   9   1   1
8   9   2   2  
8   9   3   3  
8   9   4   4   
8   9   5   5   
8   9   6   6
8   9   7   7   
8   9   8   8   
8   9   9   9
9   10  0   0
9   10  1   1
9   10  2   2  
9   10  3   3   
9   10  4   4   
9   10  5   5   
9   10  6   6
9   10  7   7   
9   10  8   8   
9   10  9   9  
10   4  1   1
10   4  2   2  
10   4  3   3   
10   4  4   4   
10   4  5   5   
10   4  6   6
10   4  7   7   
10   4  8   8   
10   4  9   9
0   11  1   1
0   11  2   2
0   11  3   3
0   11  4   4
0   11  5   5
0   11  6   6
0   11  7   7
0   11  8   8
0   11  9   9
11  12  0   0
11  12  1   1
11  12  2   2
11  12  3   3
11  12  4   4
11  12  5   5
11  12  6   6
11  12  7   7
11  12  8   8
11  12  9   9
12  13  0   0
12  13  1   1
12  13  2   2
12  13  3   3
12  13  4   4
12  13  5   5
12  13  6   6
12  13  7   7
12  13  8   8
12  13  9   9
13  4   0   0
13  4   1   1
13  4   2   2
13  4   3   3
13  4   4   4
13  4   5   5
13  4   6   6
13  4   7   7
13  4   8   8
13  4   9   9
4