0   1   1   eps
0   1   2   eps 
1   2   0   eps
1   2   1   eps
1   2   2   eps 
1   2   3   eps
1   2   4   eps
1   2   5   eps
1   2   6   eps
1   2   7   eps
1   2   8   eps
1   2   9   eps
2   7   /   eps
0   3   0   eps
3   4   1   eps
3   4   2   eps 
3   4   4   eps
3   4   4   eps
3   4   5   eps
3   4   6   eps
3   4   7   eps
3   4   8   eps
3   4   9   eps
4   7   /   eps
0   5   3   eps
5   6   0   eps
5   6   1   eps
6   7   /   eps
7   8   0   eps
8   9   1   eps
8   9   3   eps
8   9   4   eps
8   9   5   eps
8   9   6   eps
8   9   7   eps
8   9   8   eps
8   9   9   eps
9   12  /   eps
7   10  1   eps
10  11  0   eps
10  11  1   eps
10  11  2   eps
11  12  /   eps
12  13  0   0
12  13  1   1
12  13  2   2
12  13  3   3
12  13  4   4
12  13  5   5
12  13  6   6
12  13  7   7
12  13  8   8
12  13  9   9
13  14  0   0
13  14  1   1
13  14  2   2
13  14  3   3
13  14  4   4
13  14  5   5
13  14  6   6
13  14  7   7
13  14  8   8
13  14  9   9
14  15  0   0
14  15  1   1
14  15  2   2
14  15  3   3
14  15  4   4
14  15  5   5
14  15  6   6
14  15  7   7
14  15  8   8
14  15  9   9
15  16  0   0
15  16  1   1
15  16  2   2
15  16  3   3
15  16  4   4
15  16  5   5
15  16  6   6
15  16  7   7
15  16  8   8
15  16  9   9
16