900 900
45 45
557 95
638 642
153 127
550 688
349 477
91 858
456 384
137 602
746 640
495 722
882 191
899 225
421 388
797 556
113 242
898 319
177 118
665 318
684 118
408 838
321 123
418 796
30 60
555 430
694 781
481 688
441 133
896 196
190 537
337 154
335 83
520 420
482 820
76 117
425 622
84 646
542 481
298 27
49 251
895 84
600 835
176 800
648 144
346 726
244 149
727 840
835 682
648 143
773 421
277 406
727 786
691 212
46 10
371 783
375 749
45 282
513 552
268 584
750 99
266 218
152 555
776 460
824 47
475 542
80 95
496 784
561 707
236 633
181 891
423 108
24 228
598 584
15 839
332 861
48 774
5 124
626 574
156 34
363 98
14 593
480 690
159 406
653 294
301 312
709 317
122 226
218 193
702 875
188 552
792 679
