1500 1500
75 75
55 1481
1379 73
701 92
1210 592
26 382
988 1144
1310 1122
75 434
1287 1305
463 85
299 981
1297 172
1247 619
361 694
1373 452
18 28
1225 756
1499 1489
180 1024
1014 1442
54 782
955 343
53 471
830 1351
840 954
1322 1197
798 644
967 450
690 471
1026 715
1201 340
619 1135
284 391
819 1266
1128 513
1049 1340
1013 44
607 666
1301 595
1374 899
617 120
1171 550
846 528
546 1499
211 265
321 1390
1035 1350
149 1067
565 400
1211 552
976 1022
921 479
535 1487
486 684
60 919
360 146
1079 649
332 1149
354 1204
804 306
1162 112
797 1390
1176 501
1128 788
779 1232
633 558
1028 560
1467 203
996 600
248 718
1362 957
1018 1254
849 663
598 1192
619 1164
365 1431
1439 710
329 1386
1275 221
128 186
1055 149
1028 1018
1005 59
186 450
28 1493
938 1041
890 433
1372 823
267 1119
656 339
699 3
348 641
34 345
145 1208
1329 1451
195 349
861 1167
1394 1064
29 389
229 237
49 808
6 1170
1465 610
868 1203
693 576
427 37
1291 373
900 1040
1384 763
270 198
894 616
106 714
486 390
819 219
501 564
140 789
1395 753
477 1343
355 1183
1030 446
834 888
692 1345
481 1289
422 985
1287 501
444 104
384 1126
969 434
1041 938
505 670
1071 232
162 382
1149 77
76 1083
1342 386
620 1441
516 842
606 1017
1487 558
419 455
959 1255
397 813
1124 705
1244 1303
23 677
94 1247
269 313
630 433
278 770
1494 144
