2000 2000
100 100
1860 56
128 1005
1402 1890
244 527
723 1626
758 686
1363 1806
1140 1451
835 504
1635 664
1852 977
1625 458
590 487
1259 234
15 394
1316 1091
629 1543
1541 32
736 973
160 40
1303 609
924 999
1994 893
178 530
1392 1644
805 1896
473 1404
35 1654
1616 486
36 1243
944 1552
506 589
1209 1946
1586 633
124 104
1306 396
1723 1219
1216 383
1474 1885
777 437
1903 666
479 1620
2 1312
1625 1004
1542 1318
681 1279
891 508
312 17
1495 1157
884 64
1095 1432
1443 917
846 778
1835 978
1071 676
1297 1775
1600 605
604 279
686 1167
239 1841
944 64
1284 160
1511 1836
1825 129
76 604
434 158
1119 1289
1953 1477
1417 1250
862 383
685 1650
426 871
1325 1808
1307 1263
651 167
503 276
1150 491
284 1711
1392 779
1519 1970
268 675
1254 265
219 1871
255 444
1533 996
342 1589
449 94
901 1970
588 851
1214 432
974 1949
143 413
1025 1196
642 1555
1295 601
380 1745
227 1162
1844 943
622 767
207 1659
1088 984
1845 964
1938 1801
871 1974
1233 1895
1696 29
623 1044
1826 1794
1977 303
1081 1362
780 651
1372 229
1700 90
46 1416
929 875
1560 1576
327 1193
554 1481
1851 1703
32 757
630 1285
1987 848
467 136
910 1677
1050 1488
303 176
1124 834
1260 38
459 1392
1136 1651
408 765
1739 1915
794 283
1696 641
810 1222
645 1011
1348 988
1995 1429
1834 1909
1034 603
1884 520
1155 864
685 1074
1705 214
1238 923
843 20
685 1141
1101 378
1320 241
164 1849
276 624
676 321
771 1119
194 930
983 968
472 380
594 799
1077 1179
1917 1603
1665 1558
1788 1418
993 1791
343 400
755 1839
738 1378
1604 422
1785 467
672 397
88 41
1894 221
1139 870
849 439
135 348
1971 1593
528 1079
1910 123
1565 1237
463 298
740 827
45 1843
1511 1311
574 19
1761 30
62 862
1621 1184
856 272
1095 939
7 1870
1893 1999
1239 57
406 232
1866 1015
297 1525
713 1893
456 1236
1822 1
585 832
1327 1356
1800 498
968 113
